
Connected to COM4 at 115200
Hello World

Initial state:

(1)MUL_RST:0

(2)START:0
(3)FINISH:0

Reset the data....

(1)MUL_RST:1

(2)START:0

(3)FINISH:0

Finish reseting the data.

(1)MUL_RST:0

(2)START:0

(3)FINISH:0

Matrix A:

0 1 2 3 4 5 6 7 8 9 10 11 12 

13 14 15 16 17 18 19 20 21 22 23 24 25 

26 27 28 29 30 31 32 33 34 35 36 37 38 

39 40 41 42 43 44 45 46 47 48 49 50 51 

52 53 54 55 56 57 58 59 60 61 62 63 64 

65 66 67 68 69 70 71 72 73 74 75 76 77 

78 79 80 81 82 83 84 85 86 87 88 89 90 

91 92 93 94 95 96 97 98 99 100 101 102 103 

104 105 106 107 108 109 110 111 112 113 114 115 116 

117 118 119 120 121 122 123 124 125 126 127 128 129 

130 131 132 133 134 135 136 137 138 139 140 141 142 

143 144 145 146 147 148 149 150 151 152 153 154 155 

156 157 158 159 160 161 162 163 164 165 166 167 168 

Matrix B:

169 170 171 172 173 174 175 176 177 178 179 180 181 

182 183 184 185 186 187 188 189 190 191 192 193 194 

195 196 197 198 199 200 201 202 203 204 205 206 207 

208 209 210 211 212 213 214 215 216 217 218 219 220 

221 222 223 224 225 226 227 228 229 230 231 232 233 

234 235 236 237 238 239 240 241 242 243 244 245 246 

247 248 249 250 251 252 253 254 255 256 257 258 259 

260 261 262 263 264 265 266 267 268 269 270 271 272 

273 274 275 276 277 278 279 280 281 282 283 284 285 
286 287 288 289 290 291 292 293 294 295 296 297 298 
299 300 301 302 303 304 305 306 307 308 309 310 311 

312 313 314 315 316 317 318 319 320 321 322 323 324 

325 326 327 328 329 330 331 332 333 334 335 336 337 

Prepare to begin the calculation.

(1)MUL_RST:0

(2)START:0

(3)FINISH:0

Start to calculate.

(1)MUL_RST:0

(2)START:1

(3)FINISH:0

In the loop.

(1)MUL_RST:0

(2)START:1

(3)FINISH:1

----------------------------------

Finish the calculation.

Result matrix:

0 0 0 0 0 0 0 0 0 0 0 0 0 

0 0 0 0 0 0 0 0 0 0 0 0 0 

0 0 0 0 0 0 0 0 0 0 0 0 0 

0 0 0 0 0 0 0 0 0 0 0 0 0 

0 0 0 0 0 0 0 0 0 0 0 0 0 

0 0 0 0 0 0 0 0 0 0 0 0 0 

0 0 0 0 0 0 0 0 0 0 0 0 0 

0 0 0 0 0 0 0 0 0 0 0 0 0 

0 0 0 0 0 0 0 0 0 0 0 0 0 

0 0 0 0 0 0 0 0 0 0 0 0 0 

0 0 0 0 0 0 0 0 0 0 0 0 0 

0 0 0 0 0 0 0 0 0 0 0 0 0 

0 0 0 0 0 0 0 0 0 0 0 0 0 

Finish calculating.

----------------------------------

Hello World

Initial state:

(1)MUL_RST:0

(2)START:0

(3)FINISH:1

Reset the data....

(1)MUL_RST:1

(2)START:0

(3)FINISH:0

Finish reseting the data.

(1)MUL_RST:0

(2)START:0

(3)FINISH:0

Matrix A:

0 1 2 3 4 5 6 7 8 9 10 11 12 

13 14 15 16 17 18 19 20 21 22 23 24 25 

26 27 28 29 30 31 32 33 34 35 36 37 38 

39 40 41 42 43 44 45 46 47 48 49 50 51 

52 53 54 55 56 57 58 59 60 61 62 63 64 

65 66 67 68 69 70 71 72 73 74 75 76 77 

78 79 80 81 82 83 84 85 86 87 88 89 90 

91 92 93 94 95 96 97 98 99 100 101 102 103 

104 105 106 107 108 109 110 111 112 113 114 115 116 
117 118 119 120 121 122 123 124 125 126 127 128 129 

130 131 132 133 134 135 136 137 138 139 140 141 142 

143 144 145 146 147 148 149 150 151 152 153 154 155 

156 157 158 159 160 161 162 163 164 165 166 167 168 

Matrix B:

169 170 171 172 173 174 175 176 177 178 179 180 181 

182 183 184 185 186 187 188 189 190 191 192 193 194 

195 196 197 198 199 200 201 202 203 204 205 206 207 

208 209 210 211 212 213 214 215 216 217 218 219 220 

221 222 223 224 225 226 227 228 229 230 231 232 233 

234 235 236 237 238 239 240 241 242 243 244 245 246 

247 248 249 250 251 252 253 254 255 256 257 258 259 

260 261 262 263 264 265 266 267 268 269 270 271 272 

273 274 275 276 277 278 279 280 281 282 283 284 285 

286 287 288 289 290 291 292 293 294 295 296 297 298 

299 300 301 302 303 304 305 306 307 308 309 310 311 

312 313 314 315 316 317 318 319 320 321 322 323 324 

325 326 327 328 329 330 331 332 333 334 335 336 337 

Prepare to begin the calculation.

(1)MUL_RST:0

(2)START:0

(3)FINISH:0

Start to calculate.

(1)MUL_RST:0

(2)START:1

(3)FINISH:0

In the loop.

(1)MUL_RST:0

(2)START:1

(3)FINISH:1

----------------------------------

Finish the calculation.

Result matrix:

21632 21710 21788 21866 21944 22022 22100 22178 22256 22334 22412 22490 22568 

63375 63622 63869 64116 64363 64610 64857 65104 65351 65598 65845 66092 66339 

105118 105534 105950 106366 106782 107198 107614 108030 108446 108862 109278 109694 110110 

146861 147446 148031 148616 149201 149786 150371 150956 151541 152126 152711 153296 153881 

188604 189358 190112 190866 191620 192374 193128 193882 194636 195390 196144 196898 197652 

230347 231270 232193 233116 234039 234962 235885 236808 237731 238654 239577 240500 241423 

272090 273182 274274 275366 276458 277550 278642 279734 280826 281918 283010 284102 285194 
313833 315094 316355 317616 318877 320138 321399 322660 323921 325182 326443 327704 328965 

355576 357006 358436 359866 361296 362726 364156 365586 367016 368446 369876 371306 372736 

397319 398918 400517 402116 403715 405314 406913 408512 410111 411710 413309 414908 416507 

439062 440830 442598 444366 446134 447902 449670 451438 453206 454974 456742 458510 460278 

480805 482742 484679 486616 488553 490490 492427 494364 496301 498238 500175 502112 504049 

522548 524654 526760 528866 530972 533078 535184 537290 539396 541502 543608 545714 547820 

Finish calculating.

----------------------------------

