Q1
0.372739 0.854955 0.565387 -0.875923 -1.054796 -0.154262 
1.632990 0.209607 0.221148 -1.790692 -0.984665 -0.345676 
0.107033 0.594862 0.687316 -0.636416 -0.214593 -0.134549 
-0.536780 0.471785 0.174914 0.357155 -0.876309 0.331405 
-0.134715 0.484120 -0.717522 0.388209 -0.056806 -0.767037 

Q2
0.884697 0.350099 1.721666 0.105680 
-0.827288 -0.194341 0.963244 0.198648 
0.454082 0.168313 -0.999040 -1.182909 
-0.329575 -0.142970 -0.603453 0.467224 

Q3
-0.084726 -0.547554 -0.462265 0.040245 -0.293943 0.081709 
0.480051 0.002425 -0.166685 -0.129061 -0.142319 -0.010196 
0.201610 -0.270202 -0.316606 -0.054831 -0.220322 0.026014 
0.027675 -0.438136 -0.404801 0.002250 -0.264895 0.059109 
0.269662 -0.185330 -0.271903 -0.100548 -0.197561 -0.012578 
