Q1
138.921616 148.085938 150.895569 171.386475 90.653572 56.806156 
137.333282 187.016174 175.658264 108.404617 54.641541 44.182793 
134.339020 160.372223 152.144928 132.874069 69.484253 62.972450 
109.528336 94.833145 102.082283 168.704117 95.276100 82.537895 
82.881325 91.963120 86.929413 88.275124 46.021545 42.727386 

Q2
379.033661 301.423737 206.461929 189.938187 
296.001801 267.938293 156.859375 174.367355 
273.660309 220.890518 192.710938 211.509598 
237.128815 185.382660 208.582123 214.995117 

Q3
66.306229 42.363392 72.992279 9.532060 111.480881 41.915836 
66.306229 42.363392 72.992279 9.532060 111.480881 41.915836 
66.306229 42.363392 72.992279 9.532060 111.480881 41.915836 
66.306229 42.363392 72.992279 9.532060 111.480881 41.915836 
66.306229 42.363392 72.992279 9.532060 111.480881 41.915836 
